0.01 0.025 0.05 0.075 0.1 0.25 0.5 0.6 0.7 0.8 0.9 1 1.1
0.3 -3.708 -4.104 -4.402 -4.575 -4.697 -5.076 -5.346 -5.412 -5.467 -5.512 -5.551 -5.584 -5.613
0.35 -2.472 -2.868 -3.166 -3.339 -3.461 -3.842 -4.115 -4.183 -4.239 -4.285 -4.325 -4.359 -4.390
0.4 -1.566 -1.962 -2.261 -2.434 -2.557 -2.939 -3.214 -3.283 -3.340 -3.387 -3.428 -3.464 -3.495
0.45 -0.879 -1.276 -1.574 -1.748 -1.871 -2.254 -2.531 -2.601 -2.658 -2.707 -2.748 -2.784 -2.816
0.5 -0.344 -0.741 -1.040 -1.214 -1.336 -1.721 -1.999 -2.070 -2.128 -2.177 -2.219 -2.256 -2.288
0.55 -0.008 -0.315 -0.614 -0.788 -0.911 -1.296 -1.576 -1.647 -1.705 -1.755 -1.798 -1.835 -1.868
0.6 -0.007 -0.016 -0.269 -0.443 -0.566 -0.952 -1.233 -1.304 -1.363 -1.413 -1.456 -1.494 -1.527
0.65 -0.005 -0.013 -0.026 -0.160 -0.283 -0.670 -0.951 -1.023 -1.082 -1.132 -1.176 -1.214 -1.248
0.7 -0.004 -0.010 -0.021 -0.032 -0.043 -0.435 -0.717 -0.789 -0.848 -0.899 -0.942 -0.981 -1.015
0.75 -0.003 -0.009 -0.017 -0.026 -0.035 -0.237 -0.520 -0.592 -0.652 -0.703 -0.746 -0.785 -0.819
0.8 -0.003 -0.007 -0.014 -0.021 -0.029 -0.076 -0.354 -0.426 -0.486 -0.537 -0.581 -0.619 -0.654
0.85 -0.002 -0.006 -0.012 -0.018 -0.024 -0.062 -0.213 -0.285 -0.345 -0.396 -0.440 -0.479 -0.513
0.9 -0.002 -0.005 -0.010 -0.015 -0.020 -0.052 -0.111 -0.166 -0.225 -0.276 -0.320 -0.359 -0.393
0.93 -0.002 -0.005 -0.009 -0.014 -0.018 -0.047 -0.099 -0.122 -0.163 -0.214 -0.258 -0.296 -0.330
0.95 -0.002 -0.004 -0.008 -0.013 -0.017 -0.044 -0.092 -0.113 -0.136 -0.176 -0.220 -0.258 -0.292
0.97 -0.002 -0.004 -0.008 -0.012 -0.016 -0.041 -0.086 -0.105 -0.126 -0.148 -0.185 -0.223 -0.256
0.98 -0.002 -0.004 -0.008 -0.012 -0.016 -0.040 -0.083 -0.101 -0.121 -0.142 -0.168 -0.206 -0.240
0.99 -0.001 -0.004 -0.007 -0.011 -0.015 -0.038 -0.080 -0.098 -0.117 -0.137 -0.159 -0.191 -0.224
1 -0.001 -0.004 -0.007 -0.011 -0.015 -0.037 -0.077 -0.095 -0.113 -0.132 -0.152 -0.176 -0.209
1.01 -0.001 -0.004 -0.007 -0.011 -0.014 -0.036 -0.075 -0.091 -0.109 -0.127 -0.146 -0.168 -0.195
1.02 -0.001 -0.003 -0.007 -0.010 -0.014 -0.035 -0.073 -0.088 -0.105 -0.122 -0.141 -0.161 -0.184
1.03 -0.001 -0.003 -0.007 -0.010 -0.013 -0.034 -0.070 -0.086 -0.101 -0.118 -0.136 -0.154 -0.175
1.05 -0.001 -0.003 -0.006 -0.009 -0.013 -0.032 -0.066 -0.080 -0.095 -0.110 -0.126 -0.143 -0.161
1.1 -0.001 -0.003 -0.005 -0.008 -0.011 -0.028 -0.057 -0.069 -0.081 -0.093 -0.106 -0.120 -0.133
1.15 -0.001 -0.002 -0.005 -0.007 -0.009 -0.024 -0.049 -0.059 -0.069 -0.080 -0.091 -0.102 -0.113
1.2 -0.001 -0.002 -0.004 -0.006 -0.008 -0.021 -0.042 -0.051 -0.060 -0.069 -0.078 -0.088 -0.097
1.3 -0.001 -0.002 -0.003 -0.005 -0.006 -0.016 -0.033 -0.039 -0.046 -0.052 -0.059 -0.066 -0.073
1.4 -0.001 -0.001 -0.003 -0.004 -0.005 -0.013 -0.025 -0.030 -0.035 -0.040 -0.046 -0.051 -0.056
1.5 0.000 -0.001 -0.002 -0.003 -0.004 -0.010 -0.020 -0.024 -0.028 -0.032 -0.035 -0.039 -0.043
1.6 0.000 -0.001 -0.002 -0.002 -0.003 -0.008 -0.016 -0.019 -0.022 -0.025 -0.028 -0.031 -0.034
1.7 0.000 -0.001 -0.001 -0.002 -0.002 -0.006 -0.012 -0.015 -0.017 -0.020 -0.022 -0.024 -0.027
1.8 0.000 0.000 -0.001 -0.001 -0.002 -0.005 -0.010 -0.012 -0.014 -0.015 -0.017 -0.019 -0.021
1.9 0.000 0.000 -0.001 -0.001 -0.002 -0.004 -0.008 -0.009 -0.011 -0.012 -0.014 -0.015 -0.016
2 0.000 0.000 -0.001 -0.001 -0.001 -0.003 -0.006 -0.007 -0.008 -0.009 -0.011 -0.012 -0.013
2.25 0.000 0.000 0.000 0.000 -0.001 -0.002 -0.003 -0.004 -0.004 -0.005 -0.005 -0.006 -0.006
2.5 0.000 0.000 0.000 0.000 0.000 -0.001 -0.001 -0.001 -0.002 -0.002 -0.002 -0.002 -0.002
2.75 0.000 0.000 0.000 0.000 0.000 0.000 0.000 0.000 0.000 0.000 0.000 0.000 0.001
3 0.000 0.000 0.000 0.000 0.000 0.000 0.001 0.001 0.001 0.002 0.002 0.002 0.002
3.5 0.000 0.000 0.000 0.000 0.000 0.001 0.002 0.002 0.003 0.003 0.003 0.004 0.004
4 0.000 0.000 0.000 0.000 0.000 0.001 0.002 0.003 0.003 0.004 0.004 0.005 0.005
5 0.000 0.000 0.000 0.000 0.001 0.001 0.003 0.003 0.004 0.004 0.005 0.005 0.006