1.2 1.3 1.4 1.5 1.75 2 2.5 3 4 5 7.5 10
0.3 -5.638 -5.660 -5.680 -5.697 -5.733 -5.759 -5.793 -5.810 -5.810 -5.782 -5.647 -5.462
0.35 -4.416 -4.440 -4.460 -4.479 -4.518 -4.548 -4.588 -4.611 -4.623 -4.608 -4.505 -4.352
0.4 -3.522 -3.546 -3.568 -3.588 -3.629 -3.661 -3.707 -3.735 -3.757 -3.752 -3.673 -3.545
0.45 -2.845 -2.870 -2.892 -2.913 -2.956 -2.990 -3.039 -3.071 -3.101 -3.104 -3.046 -2.938
0.5 -2.317 -2.343 -2.366 -2.387 -2.432 -2.468 -2.520 -2.555 -2.592 -2.601 -2.559 -2.468
0.55 -1.897 -1.924 -1.947 -1.969 -2.015 -2.052 -2.107 -2.145 -2.187 -2.201 -2.173 -2.095
0.6 -1.557 -1.584 -1.608 -1.630 -1.677 -1.715 -1.773 -1.812 -1.859 -1.878 -1.861 -1.795
0.65 -1.278 -1.305 -1.329 -1.352 -1.400 -1.439 -1.498 -1.539 -1.589 -1.612 -1.604 -1.549
0.7 -1.045 -1.073 -1.097 -1.120 -1.169 -1.208 -1.269 -1.312 -1.365 -1.391 -1.391 -1.344
0.75 -0.850 -0.877 -0.902 -0.925 -0.974 -1.015 -1.076 -1.121 -1.176 -1.204 -1.212 -1.172
0.8 -0.684 -0.712 -0.737 -0.760 -0.810 -0.851 -0.913 -0.958 -1.016 -1.046 -1.060 -1.026
0.85 -0.544 -0.572 -0.597 -0.620 -0.670 -0.711 -0.774 -0.820 -0.879 -0.911 -0.929 -0.901
0.9 -0.424 -0.452 -0.477 -0.500 -0.550 -0.591 -0.654 -0.700 -0.761 -0.794 -0.817 -0.793
0.93 -0.361 -0.389 -0.414 -0.437 -0.486 -0.527 -0.591 -0.637 -0.698 -0.732 -0.756 -0.735
0.95 -0.322 -0.350 -0.375 -0.398 -0.447 -0.488 -0.552 -0.598 -0.659 -0.693 -0.719 -0.699
0.97 -0.287 -0.314 -0.339 -0.362 -0.411 -0.452 -0.515 -0.561 -0.622 -0.657 -0.683 -0.665
0.98 -0.270 -0.297 -0.322 -0.344 -0.393 -0.434 -0.497 -0.543 -0.604 -0.639 -0.666 -0.649
0.99 -0.254 -0.281 -0.305 -0.328 -0.377 -0.417 -0.480 -0.526 -0.587 -0.622 -0.650 -0.633
1 -0.238 -0.265 -0.289 -0.312 -0.360 -0.401 -0.463 -0.509 -0.570 -0.605 -0.634 -0.617
1.01 -0.224 -0.250 -0.274 -0.297 -0.345 -0.385 -0.447 -0.493 -0.554 -0.589 -0.618 -0.602
1.02 -0.210 -0.236 -0.260 -0.282 -0.330 -0.370 -0.432 -0.477 -0.538 -0.573 -0.603 -0.588
1.03 -0.199 -0.223 -0.246 -0.268 -0.315 -0.355 -0.417 -0.462 -0.523 -0.558 -0.588 -0.573
1.05 -0.180 -0.201 -0.222 -0.242 -0.288 -0.327 -0.388 -0.433 -0.493 -0.529 -0.559 -0.546
1.1 -0.148 -0.163 -0.178 -0.193 -0.232 -0.267 -0.324 -0.368 -0.427 -0.462 -0.493 -0.482
1.15 -0.125 -0.136 -0.148 -0.160 -0.191 -0.220 -0.272 -0.312 -0.369 -0.403 -0.435 -0.426
1.2 -0.106 -0.116 -0.126 -0.135 -0.160 -0.184 -0.229 -0.266 -0.319 -0.352 -0.384 -0.377
1.3 -0.080 -0.086 -0.093 -0.100 -0.117 -0.134 -0.167 -0.195 -0.239 -0.269 -0.299 -0.293
1.4 -0.061 -0.066 -0.071 -0.076 -0.089 -0.101 -0.125 -0.146 -0.181 -0.205 -0.231 -0.226
1.5 -0.047 -0.051 -0.055 -0.059 -0.068 -0.077 -0.095 -0.111 -0.138 -0.157 -0.178 -0.173
1.6 -0.037 -0.040 -0.043 -0.046 -0.053 -0.060 -0.073 -0.085 -0.105 -0.120 -0.136 -0.129
1.7 -0.029 -0.031 -0.033 -0.036 -0.041 -0.046 -0.056 -0.065 -0.081 -0.092 -0.102 -0.094
1.8 -0.023 -0.024 -0.026 -0.028 -0.032 -0.036 -0.044 -0.050 -0.061 -0.069 -0.075 -0.066
1.9 -0.018 -0.019 -0.020 -0.022 -0.025 -0.028 -0.033 -0.038 -0.046 -0.052 -0.054 -0.043
2 -0.014 -0.015 -0.016 -0.017 -0.019 -0.021 -0.025 -0.029 -0.034 -0.037 -0.036 -0.024
2.25 -0.007 -0.007 -0.008 -0.008 -0.009 -0.010 -0.011 -0.012 -0.013 -0.013 -0.005 0.010
2.5 -0.002 -0.002 -0.002 -0.002 -0.003 -0.003 -0.003 -0.002 0.000 0.003 0.014 0.031
2.75 0.001 0.001 0.001 0.001 0.001 0.002 0.003 0.004 0.008 0.012 0.026 0.044
3 0.003 0.003 0.003 0.003 0.004 0.005 0.007 0.009 0.013 0.018 0.034 0.053
3.5 0.005 0.005 0.006 0.006 0.007 0.008 0.011 0.013 0.019 0.025 0.042 0.061
4 0.006 0.006 0.007 0.007 0.009 0.010 0.013 0.016 0.022 0.028 0.045 0.064
5 0.006 0.007 0.007 0.008 0.009 0.011 0.014 0.016 0.022 0.029 0.045 0.062