1.2 1.3 1.4 1.5 1.75 2 2.5 3 4 5 7.5 10
0.3 -8.820 -8.824 -8.827 -8.831 -8.840 -8.848 -8.866 -8.883 -8.918 -8.953 -9.039 -9.126
0.35 -6.574 -6.578 -6.582 -6.586 -6.596 -6.606 -6.625 -6.645 -6.685 -6.724 -6.822 -6.919
0.4 -4.961 -4.965 -4.969 -4.973 -4.984 -4.994 -5.014 -5.034 -5.075 -5.115 -5.214 -5.312
0.45 -3.774 -3.778 -3.782 -3.786 -3.796 -3.806 -3.826 -3.846 -3.885 -3.924 -4.020 -4.115
0.5 -2.884 -2.888 -2.892 -2.896 -2.905 -2.915 -2.934 -2.953 -2.990 -3.027 -3.119 -3.208
0.55 -2.207 -2.210 -2.214 -2.218 -2.227 -2.236 -2.254 -2.272 -2.307 -2.342 -2.427 -2.510
0.6 -1.685 -1.688 -1.692 -1.695 -1.704 -1.712 -1.729 -1.746 -1.779 -1.812 -1.891 -1.967
0.65 -1.278 -1.281 -1.285 -1.288 -1.296 -1.304 -1.320 -1.336 -1.367 -1.397 -1.470 -1.540
0.7 -0.959 -0.962 -0.965 -0.968 -0.975 -0.983 -0.998 -1.013 -1.041 -1.069 -1.137 -1.201
0.75 -0.705 -0.708 -0.711 -0.714 -0.721 -0.728 -0.742 -0.756 -0.783 -0.809 -0.870 -0.929
0.8 -0.504 -0.507 -0.510 -0.512 -0.519 -0.526 -0.539 -0.551 -0.576 -0.600 -0.656 -0.709
0.85 -0.343 -0.346 -0.348 -0.351 -0.357 -0.364 -0.376 -0.388 -0.410 -0.432 -0.483 -0.530
0.9 -0.215 -0.217 -0.220 -0.222 -0.228 -0.234 -0.245 -0.256 -0.277 -0.296 -0.342 -0.384
0.93 -0.151 -0.154 -0.156 -0.158 -0.164 -0.170 -0.180 -0.191 -0.210 -0.228 -0.270 -0.310
0.95 -0.114 -0.116 -0.118 -0.121 -0.126 -0.132 -0.142 -0.151 -0.170 -0.187 -0.227 -0.265
0.97 -0.080 -0.082 -0.084 -0.087 -0.092 -0.097 -0.107 -0.116 -0.133 -0.150 -0.188 -0.223
0.98 -0.064 -0.067 -0.069 -0.071 -0.076 -0.081 -0.090 -0.099 -0.116 -0.132 -0.169 -0.203
0.99 -0.050 -0.052 -0.054 -0.056 -0.061 -0.066 -0.075 -0.084 -0.100 -0.115 -0.151 -0.184
1 -0.036 -0.038 -0.040 -0.042 -0.047 -0.052 -0.060 -0.069 -0.084 -0.099 -0.134 -0.166
1.01 -0.024 -0.026 -0.028 -0.030 -0.034 -0.038 -0.047 -0.054 -0.069 -0.084 -0.117 -0.149
1.02 -0.015 -0.015 -0.016 -0.018 -0.022 -0.026 -0.033 -0.041 -0.055 -0.069 -0.102 -0.132
1.03 -0.010 -0.007 -0.007 -0.008 -0.011 -0.014 -0.021 -0.028 -0.042 -0.055 -0.086 -0.116
1.05 -0.002 0.002 0.006 0.008 0.009 0.007 0.001 -0.005 -0.017 -0.029 -0.058 -0.085
1.1 0.012 0.016 0.020 0.025 0.035 0.041 0.044 0.042 0.035 0.026 0.004 -0.019
1.15 0.022 0.026 0.030 0.034 0.046 0.056 0.069 0.074 0.074 0.069 0.054 0.036
1.2 0.029 0.033 0.037 0.041 0.052 0.064 0.082 0.093 0.101 0.102 0.093 0.081
1.3 0.038 0.041 0.045 0.049 0.060 0.071 0.091 0.109 0.131 0.142 0.150 0.148
1.4 0.041 0.045 0.049 0.053 0.063 0.074 0.094 0.112 0.141 0.161 0.183 0.191
1.5 0.043 0.047 0.051 0.055 0.064 0.074 0.094 0.112 0.143 0.167 0.202 0.218
1.6 0.043 0.047 0.051 0.055 0.064 0.074 0.092 0.110 0.142 0.167 0.210 0.234
1.7 0.043 0.047 0.050 0.054 0.063 0.072 0.090 0.107 0.138 0.165 0.213 0.242
1.8 0.042 0.046 0.049 0.053 0.062 0.070 0.087 0.104 0.134 0.161 0.212 0.246
1.9 0.041 0.045 0.048 0.052 0.060 0.068 0.085 0.101 0.130 0.157 0.209 0.246
2 0.040 0.044 0.047 0.050 0.058 0.066 0.082 0.097 0.126 0.152 0.205 0.244
2.25 0.037 0.040 0.043 0.046 0.054 0.061 0.076 0.090 0.116 0.141 0.193 0.234
2.5 0.035 0.037 0.040 0.043 0.050 0.057 0.070 0.083 0.108 0.130 0.181 0.222
2.75 0.032 0.035 0.037 0.040 0.046 0.053 0.065 0.077 0.100 0.121 0.169 0.210
3 0.030 0.032 0.035 0.037 0.043 0.049 0.061 0.072 0.093 0.114 0.159 0.199
3.5 0.026 0.028 0.031 0.033 0.038 0.043 0.053 0.063 0.082 0.101 0.142 0.179
4 0.023 0.025 0.027 0.029 0.034 0.038 0.048 0.057 0.074 0.090 0.128 0.163
5 0.019 0.021 0.022 0.024 0.028 0.032 0.039 0.047 0.061 0.075 0.108 0.138