0.01 0.025 0.05 0.075 0.1 0.25 0.5 0.6 0.7 0.8 0.9 1 1.1
0.3 -8.779 -8.779 -8.780 -8.781 -8.782 -8.787 -8.796 -8.799 -8.803 -8.806 -8.810 -8.813 -8.817
0.35 -6.526 -6.527 -6.528 -6.529 -6.530 -6.536 -6.546 -6.550 -6.554 -6.558 -6.562 -6.566 -6.570
0.4 -4.912 -4.913 -4.914 -4.915 -4.916 -4.922 -4.932 -4.936 -4.941 -4.945 -4.949 -4.953 -4.957
0.45 -3.726 -3.726 -3.727 -3.728 -3.729 -3.736 -3.746 -3.750 -3.754 -3.758 -3.762 -3.766 -3.770
0.5 -2.838 -2.838 -2.839 -2.840 -2.841 -2.847 -2.857 -2.861 -2.865 -2.868 -2.872 -2.876 -2.880
0.55 -0.013 -2.163 -2.164 -2.165 -2.166 -2.171 -2.181 -2.184 -2.188 -2.192 -2.196 -2.199 -2.203
0.6 -0.009 -0.023 -1.644 -1.645 -1.646 -1.651 -1.660 -1.664 -1.667 -1.671 -1.674 -1.678 -1.681
0.65 -0.006 -0.015 -0.031 -1.241 -1.241 -1.247 -1.255 -1.258 -1.262 -1.265 -1.268 -1.272 -1.275
0.7 -0.004 -0.010 -0.021 -0.032 -0.044 -0.929 -0.937 -0.940 -0.943 -0.946 -0.949 -0.952 -0.955
0.75 -0.003 -0.007 -0.014 -0.022 -0.030 -0.677 -0.685 -0.688 -0.691 -0.694 -0.697 -0.700 -0.703
0.8 -0.002 -0.005 -0.010 -0.015 -0.020 -0.056 -0.484 -0.487 -0.490 -0.493 -0.496 -0.498 -0.501
0.85 -0.001 -0.003 -0.006 -0.010 -0.013 -0.036 -0.324 -0.327 -0.330 -0.332 -0.335 -0.338 -0.341
0.9 -0.001 -0.002 -0.004 -0.006 -0.009 -0.023 -0.053 -0.199 -0.202 -0.204 -0.207 -0.210 -0.212
0.93 -0.001 -0.002 -0.003 -0.005 -0.007 -0.017 -0.037 -0.048 -0.138 -0.141 -0.143 -0.146 -0.149
0.95 -0.001 -0.001 -0.003 -0.004 -0.005 -0.014 -0.030 -0.037 -0.046 -0.103 -0.106 -0.108 -0.111
0.97 0.000 -0.001 -0.002 -0.003 -0.004 -0.011 -0.023 -0.029 -0.034 -0.042 -0.072 -0.075 -0.077
0.98 0.000 -0.001 -0.002 -0.003 -0.004 -0.010 -0.020 -0.025 -0.030 -0.035 -0.056 -0.059 -0.062
0.99 0.000 -0.001 -0.002 -0.003 -0.003 -0.009 -0.018 -0.021 -0.025 -0.030 -0.034 -0.044 -0.047
1 0.000 -0.001 -0.001 -0.002 -0.003 -0.008 -0.015 -0.018 -0.022 -0.025 -0.028 -0.031 -0.034
1.01 0.000 -0.001 -0.001 -0.002 -0.003 -0.007 -0.013 -0.016 -0.018 -0.021 -0.023 -0.024 -0.023
1.02 0.000 -0.001 -0.001 -0.002 -0.002 -0.006 -0.011 -0.013 -0.015 -0.017 -0.018 -0.019 -0.018
1.03 0.000 0.000 -0.001 -0.001 -0.002 -0.005 -0.009 -0.011 -0.012 -0.013 -0.014 -0.014 -0.013
1.05 0.000 0.000 -0.001 -0.001 -0.001 -0.003 -0.006 -0.006 -0.007 -0.007 -0.007 -0.007 -0.005
1.1 0.000 0.000 0.000 0.000 0.000 0.000 0.001 0.002 0.003 0.004 0.005 0.007 0.009
1.15 0.000 0.000 0.000 0.001 0.001 0.003 0.006 0.008 0.009 0.011 0.014 0.016 0.019
1.2 0.000 0.000 0.001 0.001 0.002 0.004 0.009 0.012 0.014 0.017 0.020 0.023 0.026
1.3 0.000 0.001 0.001 0.002 0.003 0.007 0.014 0.017 0.020 0.023 0.027 0.030 0.034
1.4 0.000 0.001 0.002 0.002 0.003 0.008 0.016 0.020 0.023 0.027 0.030 0.034 0.038
1.5 0.000 0.001 0.002 0.003 0.003 0.008 0.017 0.021 0.024 0.028 0.032 0.036 0.039
1.6 0.000 0.001 0.002 0.003 0.003 0.009 0.018 0.021 0.025 0.029 0.032 0.036 0.040
1.7 0.000 0.001 0.002 0.003 0.004 0.009 0.018 0.021 0.025 0.029 0.032 0.036 0.039
1.8 0.000 0.001 0.002 0.003 0.003 0.009 0.018 0.021 0.025 0.028 0.032 0.035 0.039
1.9 0.000 0.001 0.002 0.003 0.003 0.009 0.017 0.021 0.024 0.028 0.031 0.034 0.038
2 0.000 0.001 0.002 0.003 0.003 0.008 0.017 0.020 0.024 0.027 0.030 0.034 0.037
2.25 0.000 0.001 0.002 0.002 0.003 0.008 0.016 0.019 0.022 0.025 0.028 0.031 0.034
2.5 0.000 0.001 0.001 0.002 0.003 0.007 0.015 0.018 0.020 0.023 0.026 0.029 0.032
2.75 0.000 0.001 0.001 0.002 0.003 0.007 0.014 0.016 0.019 0.022 0.024 0.027 0.030
3 0.000 0.001 0.001 0.002 0.003 0.006 0.013 0.015 0.018 0.020 0.023 0.025 0.028
3.5 0.000 0.001 0.001 0.002 0.002 0.006 0.011 0.013 0.016 0.018 0.020 0.022 0.024
4 0.000 0.001 0.001 0.001 0.002 0.005 0.010 0.012 0.014 0.016 0.018 0.020 0.022
5 0.000 0.000 0.001 0.001 0.002 0.004 0.008 0.010 0.011 0.013 0.015 0.016 0.018