-3.708 -4.104 -4.402 -4.575 -4.697 -5.076 -5.346 -5.412 -5.467 -5.512 -5.551 -5.584 -5.613 -5.638 -5.66 -5.68 -5.697 -5.733 -5.759 -5.793 -5.81 -5.81 -5.782 -5.647 -5.462
-2.472 -2.868 -3.166 -3.339 -3.461 -3.842 -4.115 -4.183 -4.239 -4.285 -4.325 -4.359 -4.39 -4.416 -4.44 -4.46 -4.479 -4.518 -4.548 -4.588 -4.611 -4.623 -4.608 -4.505 -4.352
-1.566 -1.962 -2.261 -2.434 -2.557 -2.939 -3.214 -3.283 -3.34 -3.387 -3.428 -3.464 -3.495 -3.522 -3.546 -3.568 -3.588 -3.629 -3.661 -3.707 -3.735 -3.757 -3.752 -3.673 -3.545
-0.879 -1.276 -1.574 -1.748 -1.871 -2.254 -2.531 -2.601 -2.658 -2.707 -2.748 -2.784 -2.816 -2.845 -2.87 -2.892 -2.913 -2.956 -2.99 -3.039 -3.071 -3.101 -3.104 -3.046 -2.938
-0.344 -0.741 -1.04 -1.214 -1.336 -1.721 -1.999 -2.07 -2.128 -2.177 -2.219 -2.256 -2.288 -2.317 -2.343 -2.366 -2.387 -2.432 -2.468 -2.52 -2.555 -2.592 -2.601 -2.559 -2.468
-0.008 -0.315 -0.614 -0.788 -0.911 -1.296 -1.576 -1.647 -1.705 -1.755 -1.798 -1.835 -1.868 -1.897 -1.924 -1.947 -1.969 -2.015 -2.052 -2.107 -2.145 -2.187 -2.201 -2.173 -2.095
-0.007 -0.016 -0.269 -0.443 -0.566 -0.952 -1.233 -1.304 -1.363 -1.413 -1.456 -1.494 -1.527 -1.557 -1.584 -1.608 -1.63 -1.677 -1.715 -1.773 -1.812 -1.859 -1.878 -1.861 -1.795
-0.005 -0.013 -0.026 -0.16 -0.283 -0.67 -0.951 -1.023 -1.082 -1.132 -1.176 -1.214 -1.248 -1.278 -1.305 -1.329 -1.352 -1.4 -1.439 -1.498 -1.539 -1.589 -1.612 -1.604 -1.549
-0.004 -0.01 -0.021 -0.032 -0.043 -0.435 -0.717 -0.789 -0.848 -0.899 -0.942 -0.981 -1.015 -1.045 -1.073 -1.097 -1.12 -1.169 -1.208 -1.269 -1.312 -1.365 -1.391 -1.391 -1.344
-0.003 -0.009 -0.017 -0.026 -0.035 -0.237 -0.52 -0.592 -0.652 -0.703 -0.746 -0.785 -0.819 -0.85 -0.877 -0.902 -0.925 -0.974 -1.015 -1.076 -1.121 -1.176 -1.204 -1.212 -1.172
-0.003 -0.007 -0.014 -0.021 -0.029 -0.076 -0.354 -0.426 -0.486 -0.537 -0.581 -0.619 -0.654 -0.684 -0.712 -0.737 -0.76 -0.81 -0.851 -0.913 -0.958 -1.016 -1.046 -1.06 -1.026
-0.002 -0.006 -0.012 -0.018 -0.024 -0.062 -0.213 -0.285 -0.345 -0.396 -0.44 -0.479 -0.513 -0.544 -0.572 -0.597 -0.62 -0.67 -0.711 -0.774 -0.82 -0.879 -0.911 -0.929 -0.901
-0.002 -0.005 -0.01 -0.015 -0.02 -0.052 -0.111 -0.166 -0.225 -0.276 -0.32 -0.359 -0.393 -0.424 -0.452 -0.477 -0.5 -0.55 -0.591 -0.654 -0.7 -0.761 -0.794 -0.817 -0.793
-0.002 -0.005 -0.009 -0.014 -0.018 -0.047 -0.099 -0.122 -0.163 -0.214 -0.258 -0.296 -0.33 -0.361 -0.389 -0.414 -0.437 -0.486 -0.527 -0.591 -0.637 -0.698 -0.732 -0.756 -0.735
-0.002 -0.004 -0.008 -0.013 -0.017 -0.044 -0.092 -0.113 -0.136 -0.176 -0.22 -0.258 -0.292 -0.322 -0.35 -0.375 -0.398 -0.447 -0.488 -0.552 -0.598 -0.659 -0.693 -0.719 -0.699
-0.002 -0.004 -0.008 -0.012 -0.016 -0.041 -0.086 -0.105 -0.126 -0.148 -0.185 -0.223 -0.256 -0.287 -0.314 -0.339 -0.362 -0.411 -0.452 -0.515 -0.561 -0.622 -0.657 -0.683 -0.665
-0.002 -0.004 -0.008 -0.012 -0.016 -0.04 -0.083 -0.101 -0.121 -0.142 -0.168 -0.206 -0.24 -0.27 -0.297 -0.322 -0.344 -0.393 -0.434 -0.497 -0.543 -0.604 -0.639 -0.666 -0.649
-0.001 -0.004 -0.007 -0.011 -0.015 -0.038 -0.08 -0.098 -0.117 -0.137 -0.159 -0.191 -0.224 -0.254 -0.281 -0.305 -0.328 -0.377 -0.417 -0.48 -0.526 -0.587 -0.622 -0.65 -0.633
-0.001 -0.004 -0.007 -0.011 -0.015 -0.037 -0.077 -0.095 -0.113 -0.132 -0.152 -0.176 -0.209 -0.238 -0.265 -0.289 -0.312 -0.36 -0.401 -0.463 -0.509 -0.57 -0.605 -0.634 -0.617
-0.001 -0.004 -0.007 -0.011 -0.014 -0.036 -0.075 -0.091 -0.109 -0.127 -0.146 -0.168 -0.195 -0.224 -0.25 -0.274 -0.297 -0.345 -0.385 -0.447 -0.493 -0.554 -0.589 -0.618 -0.602
-0.001 -0.003 -0.007 -0.01 -0.014 -0.035 -0.073 -0.088 -0.105 -0.122 -0.141 -0.161 -0.184 -0.21 -0.236 -0.26 -0.282 -0.33 -0.37 -0.432 -0.477 -0.538 -0.573 -0.603 -0.588
-0.001 -0.003 -0.007 -0.01 -0.013 -0.034 -0.07 -0.086 -0.101 -0.118 -0.136 -0.154 -0.175 -0.199 -0.223 -0.246 -0.268 -0.315 -0.355 -0.417 -0.462 -0.523 -0.558 -0.588 -0.573
-0.001 -0.003 -0.006 -0.009 -0.013 -0.032 -0.066 -0.08 -0.095 -0.11 -0.126 -0.143 -0.161 -0.18 -0.201 -0.222 -0.242 -0.288 -0.327 -0.388 -0.433 -0.493 -0.529 -0.559 -0.546
-0.001 -0.003 -0.005 -0.008 -0.011 -0.028 -0.057 -0.069 -0.081 -0.093 -0.106 -0.12 -0.133 -0.148 -0.163 -0.178 -0.193 -0.232 -0.267 -0.324 -0.368 -0.427 -0.462 -0.493 -0.482
-0.001 -0.002 -0.005 -0.007 -0.009 -0.024 -0.049 -0.059 -0.069 -0.08 -0.091 -0.102 -0.113 -0.125 -0.136 -0.148 -0.16 -0.191 -0.22 -0.272 -0.312 -0.369 -0.403 -0.435 -0.426
-0.001 -0.002 -0.004 -0.006 -0.008 -0.021 -0.042 -0.051 -0.06 -0.069 -0.078 -0.088 -0.097 -0.106 -0.116 -0.126 -0.135 -0.16 -0.184 -0.229 -0.266 -0.319 -0.352 -0.384 -0.377
-0.001 -0.002 -0.003 -0.005 -0.006 -0.016 -0.033 -0.039 -0.046 -0.052 -0.059 -0.066 -0.073 -0.08 -0.086 -0.093 -0.1 -0.117 -0.134 -0.167 -0.195 -0.239 -0.269 -0.299 -0.293
-0.001 -0.001 -0.003 -0.004 -0.005 -0.013 -0.025 -0.03 -0.035 -0.04 -0.046 -0.051 -0.056 -0.061 -0.066 -0.071 -0.076 -0.089 -0.101 -0.125 -0.146 -0.181 -0.205 -0.231 -0.226
0.0 -0.001 -0.002 -0.003 -0.004 -0.01 -0.02 -0.024 -0.028 -0.032 -0.035 -0.039 -0.043 -0.047 -0.051 -0.055 -0.059 -0.068 -0.077 -0.095 -0.111 -0.138 -0.157 -0.178 -0.173
0.0 -0.001 -0.002 -0.002 -0.003 -0.008 -0.016 -0.019 -0.022 -0.025 -0.028 -0.031 -0.034 -0.037 -0.04 -0.043 -0.046 -0.053 -0.06 -0.073 -0.085 -0.105 -0.12 -0.136 -0.129
0.0 -0.001 -0.001 -0.002 -0.002 -0.006 -0.012 -0.015 -0.017 -0.02 -0.022 -0.024 -0.027 -0.029 -0.031 -0.033 -0.036 -0.041 -0.046 -0.056 -0.065 -0.081 -0.092 -0.102 -0.094
0.0 0.0 -0.001 -0.001 -0.002 -0.005 -0.01 -0.012 -0.014 -0.015 -0.017 -0.019 -0.021 -0.023 -0.024 -0.026 -0.028 -0.032 -0.036 -0.044 -0.05 -0.061 -0.069 -0.075 -0.066
0.0 0.0 -0.001 -0.001 -0.002 -0.004 -0.008 -0.009 -0.011 -0.012 -0.014 -0.015 -0.016 -0.018 -0.019 -0.02 -0.022 -0.025 -0.028 -0.033 -0.038 -0.046 -0.052 -0.054 -0.043
0.0 0.0 -0.001 -0.001 -0.001 -0.003 -0.006 -0.007 -0.008 -0.009 -0.011 -0.012 -0.013 -0.014 -0.015 -0.016 -0.017 -0.019 -0.021 -0.025 -0.029 -0.034 -0.037 -0.036 -0.024
0.0 0.0 0.0 0.0 -0.001 -0.002 -0.003 -0.004 -0.004 -0.005 -0.005 -0.006 -0.006 -0.007 -0.007 -0.008 -0.008 -0.009 -0.01 -0.011 -0.012 -0.013 -0.013 -0.005 0.01
0.0 0.0 0.0 0.0 0.0 -0.001 -0.001 -0.001 -0.002 -0.002 -0.002 -0.002 -0.002 -0.002 -0.002 -0.002 -0.002 -0.003 -0.003 -0.003 -0.002 0.0 0.003 0.014 0.031
0.0 0.0 0.0 0.0 0.0 0.0 0.0 0.0 0.0 0.0 0.0 0.0 0.001 0.001 0.001 0.001 0.001 0.001 0.002 0.003 0.004 0.008 0.012 0.026 0.044
0.0 0.0 0.0 0.0 0.0 0.0 0.001 0.001 0.001 0.002 0.002 0.002 0.002 0.003 0.003 0.003 0.003 0.004 0.005 0.007 0.009 0.013 0.018 0.034 0.053
0.0 0.0 0.0 0.0 0.0 0.001 0.002 0.002 0.003 0.003 0.003 0.004 0.004 0.005 0.005 0.006 0.006 0.007 0.008 0.011 0.013 0.019 0.025 0.042 0.061
0.0 0.0 0.0 0.0 0.0 0.001 0.002 0.003 0.003 0.004 0.004 0.005 0.005 0.006 0.006 0.007 0.007 0.009 0.01 0.013 0.016 0.022 0.028 0.045 0.064
0.0 0.0 0.0 0.0 0.001 0.001 0.003 0.003 0.004 0.004 0.005 0.005 0.006 0.006 0.007 0.007 0.008 0.009 0.011 0.014 0.016 0.022 0.029 0.045 0.062
