-8.779 -8.779 -8.78 -8.781 -8.782 -8.787 -8.796 -8.799 -8.803 -8.806 -8.81 -8.813 -8.817 -8.82 -8.824 -8.827 -8.831 -8.84 -8.848 -8.866 -8.883 -8.918 -8.953 -9.039 -9.126
-6.526 -6.527 -6.528 -6.529 -6.53 -6.536 -6.546 -6.55 -6.554 -6.558 -6.562 -6.566 -6.57 -6.574 -6.578 -6.582 -6.586 -6.596 -6.606 -6.625 -6.645 -6.685 -6.724 -6.822 -6.919
-4.912 -4.913 -4.914 -4.915 -4.916 -4.922 -4.932 -4.936 -4.941 -4.945 -4.949 -4.953 -4.957 -4.961 -4.965 -4.969 -4.973 -4.984 -4.994 -5.014 -5.034 -5.075 -5.115 -5.214 -5.312
-3.726 -3.726 -3.727 -3.728 -3.729 -3.736 -3.746 -3.75 -3.754 -3.758 -3.762 -3.766 -3.77 -3.774 -3.778 -3.782 -3.786 -3.796 -3.806 -3.826 -3.846 -3.885 -3.924 -4.02 -4.115
-2.838 -2.838 -2.839 -2.84 -2.841 -2.847 -2.857 -2.861 -2.865 -2.868 -2.872 -2.876 -2.88 -2.884 -2.888 -2.892 -2.896 -2.905 -2.915 -2.934 -2.953 -2.99 -3.027 -3.119 -3.208
-0.013 -2.163 -2.164 -2.165 -2.166 -2.171 -2.181 -2.184 -2.188 -2.192 -2.196 -2.199 -2.203 -2.207 -2.21 -2.214 -2.218 -2.227 -2.236 -2.254 -2.272 -2.307 -2.342 -2.427 -2.51
-0.009 -0.023 -1.644 -1.645 -1.646 -1.651 -1.66 -1.664 -1.667 -1.671 -1.674 -1.678 -1.681 -1.685 -1.688 -1.692 -1.695 -1.704 -1.712 -1.729 -1.746 -1.779 -1.812 -1.891 -1.967
-0.006 -0.015 -0.031 -1.241 -1.241 -1.247 -1.255 -1.258 -1.262 -1.265 -1.268 -1.272 -1.275 -1.278 -1.281 -1.285 -1.288 -1.296 -1.304 -1.32 -1.336 -1.367 -1.397 -1.47 -1.54
-0.004 -0.01 -0.021 -0.032 -0.044 -0.929 -0.937 -0.94 -0.943 -0.946 -0.949 -0.952 -0.955 -0.959 -0.962 -0.965 -0.968 -0.975 -0.983 -0.998 -1.013 -1.041 -1.069 -1.137 -1.201
-0.003 -0.007 -0.014 -0.022 -0.03 -0.677 -0.685 -0.688 -0.691 -0.694 -0.697 -0.7 -0.703 -0.705 -0.708 -0.711 -0.714 -0.721 -0.728 -0.742 -0.756 -0.783 -0.809 -0.87 -0.929
-0.002 -0.005 -0.01 -0.015 -0.02 -0.056 -0.484 -0.487 -0.49 -0.493 -0.496 -0.498 -0.501 -0.504 -0.507 -0.51 -0.512 -0.519 -0.526 -0.539 -0.551 -0.576 -0.6 -0.656 -0.709
-0.001 -0.003 -0.006 -0.01 -0.013 -0.036 -0.324 -0.327 -0.33 -0.332 -0.335 -0.338 -0.341 -0.343 -0.346 -0.348 -0.351 -0.357 -0.364 -0.376 -0.388 -0.41 -0.432 -0.483 -0.53
-0.001 -0.002 -0.004 -0.006 -0.009 -0.023 -0.053 -0.199 -0.202 -0.204 -0.207 -0.21 -0.212 -0.215 -0.217 -0.22 -0.222 -0.228 -0.234 -0.245 -0.256 -0.277 -0.296 -0.342 -0.384
-0.001 -0.002 -0.003 -0.005 -0.007 -0.017 -0.037 -0.048 -0.138 -0.141 -0.143 -0.146 -0.149 -0.151 -0.154 -0.156 -0.158 -0.164 -0.17 -0.18 -0.191 -0.21 -0.228 -0.27 -0.31
-0.001 -0.001 -0.003 -0.004 -0.005 -0.014 -0.03 -0.037 -0.046 -0.103 -0.106 -0.108 -0.111 -0.114 -0.116 -0.118 -0.121 -0.126 -0.132 -0.142 -0.151 -0.17 -0.187 -0.227 -0.265
0.0 -0.001 -0.002 -0.003 -0.004 -0.011 -0.023 -0.029 -0.034 -0.042 -0.072 -0.075 -0.077 -0.08 -0.082 -0.084 -0.087 -0.092 -0.097 -0.107 -0.116 -0.133 -0.15 -0.188 -0.223
0.0 -0.001 -0.002 -0.003 -0.004 -0.01 -0.02 -0.025 -0.03 -0.035 -0.056 -0.059 -0.062 -0.064 -0.067 -0.069 -0.071 -0.076 -0.081 -0.09 -0.099 -0.116 -0.132 -0.169 -0.203
0.0 -0.001 -0.002 -0.003 -0.003 -0.009 -0.018 -0.021 -0.025 -0.03 -0.034 -0.044 -0.047 -0.05 -0.052 -0.054 -0.056 -0.061 -0.066 -0.075 -0.084 -0.1 -0.115 -0.151 -0.184
0.0 -0.001 -0.001 -0.002 -0.003 -0.008 -0.015 -0.018 -0.022 -0.025 -0.028 -0.031 -0.034 -0.036 -0.038 -0.04 -0.042 -0.047 -0.052 -0.06 -0.069 -0.084 -0.099 -0.134 -0.166
0.0 -0.001 -0.001 -0.002 -0.003 -0.007 -0.013 -0.016 -0.018 -0.021 -0.023 -0.024 -0.023 -0.024 -0.026 -0.028 -0.03 -0.034 -0.038 -0.047 -0.054 -0.069 -0.084 -0.117 -0.149
0.0 -0.001 -0.001 -0.002 -0.002 -0.006 -0.011 -0.013 -0.015 -0.017 -0.018 -0.019 -0.018 -0.015 -0.015 -0.016 -0.018 -0.022 -0.026 -0.033 -0.041 -0.055 -0.069 -0.102 -0.132
0.0 0.0 -0.001 -0.001 -0.002 -0.005 -0.009 -0.011 -0.012 -0.013 -0.014 -0.014 -0.013 -0.01 -0.007 -0.007 -0.008 -0.011 -0.014 -0.021 -0.028 -0.042 -0.055 -0.086 -0.116
0.0 0.0 -0.001 -0.001 -0.001 -0.003 -0.006 -0.006 -0.007 -0.007 -0.007 -0.007 -0.005 -0.002 0.002 0.006 0.008 0.009 0.007 0.001 -0.005 -0.017 -0.029 -0.058 -0.085
0.0 0.0 0.0 0.0 0.0 0.0 0.001 0.002 0.003 0.004 0.005 0.007 0.009 0.012 0.016 0.02 0.025 0.035 0.041 0.044 0.042 0.035 0.026 0.004 -0.019
0.0 0.0 0.0 0.001 0.001 0.003 0.006 0.008 0.009 0.011 0.014 0.016 0.019 0.022 0.026 0.03 0.034 0.046 0.056 0.069 0.074 0.074 0.069 0.054 0.036
0.0 0.0 0.001 0.001 0.002 0.004 0.009 0.012 0.014 0.017 0.02 0.023 0.026 0.029 0.033 0.037 0.041 0.052 0.064 0.082 0.093 0.101 0.102 0.093 0.081
0.0 0.001 0.001 0.002 0.003 0.007 0.014 0.017 0.02 0.023 0.027 0.03 0.034 0.038 0.041 0.045 0.049 0.06 0.071 0.091 0.109 0.131 0.142 0.15 0.148
0.0 0.001 0.002 0.002 0.003 0.008 0.016 0.02 0.023 0.027 0.03 0.034 0.038 0.041 0.045 0.049 0.053 0.063 0.074 0.094 0.112 0.141 0.161 0.183 0.191
0.0 0.001 0.002 0.003 0.003 0.008 0.017 0.021 0.024 0.028 0.032 0.036 0.039 0.043 0.047 0.051 0.055 0.064 0.074 0.094 0.112 0.143 0.167 0.202 0.218
0.0 0.001 0.002 0.003 0.003 0.009 0.018 0.021 0.025 0.029 0.032 0.036 0.04 0.043 0.047 0.051 0.055 0.064 0.074 0.092 0.11 0.142 0.167 0.21 0.234
0.0 0.001 0.002 0.003 0.004 0.009 0.018 0.021 0.025 0.029 0.032 0.036 0.039 0.043 0.047 0.05 0.054 0.063 0.072 0.09 0.107 0.138 0.165 0.213 0.242
0.0 0.001 0.002 0.003 0.003 0.009 0.018 0.021 0.025 0.028 0.032 0.035 0.039 0.042 0.046 0.049 0.053 0.062 0.07 0.087 0.104 0.134 0.161 0.212 0.246
0.0 0.001 0.002 0.003 0.003 0.009 0.017 0.021 0.024 0.028 0.031 0.034 0.038 0.041 0.045 0.048 0.052 0.06 0.068 0.085 0.101 0.13 0.157 0.209 0.246
0.0 0.001 0.002 0.003 0.003 0.008 0.017 0.02 0.024 0.027 0.03 0.034 0.037 0.04 0.044 0.047 0.05 0.058 0.066 0.082 0.097 0.126 0.152 0.205 0.244
0.0 0.001 0.002 0.002 0.003 0.008 0.016 0.019 0.022 0.025 0.028 0.031 0.034 0.037 0.04 0.043 0.046 0.054 0.061 0.076 0.09 0.116 0.141 0.193 0.234
0.0 0.001 0.001 0.002 0.003 0.007 0.015 0.018 0.02 0.023 0.026 0.029 0.032 0.035 0.037 0.04 0.043 0.05 0.057 0.07 0.083 0.108 0.13 0.181 0.222
0.0 0.001 0.001 0.002 0.003 0.007 0.014 0.016 0.019 0.022 0.024 0.027 0.03 0.032 0.035 0.037 0.04 0.046 0.053 0.065 0.077 0.1 0.121 0.169 0.21
0.0 0.001 0.001 0.002 0.003 0.006 0.013 0.015 0.018 0.02 0.023 0.025 0.028 0.03 0.032 0.035 0.037 0.043 0.049 0.061 0.072 0.093 0.114 0.159 0.199
0.0 0.001 0.001 0.002 0.002 0.006 0.011 0.013 0.016 0.018 0.02 0.022 0.024 0.026 0.028 0.031 0.033 0.038 0.043 0.053 0.063 0.082 0.101 0.142 0.179
0.0 0.001 0.001 0.001 0.002 0.005 0.01 0.012 0.014 0.016 0.018 0.02 0.022 0.023 0.025 0.027 0.029 0.034 0.038 0.048 0.057 0.074 0.09 0.128 0.163
0.0 0.0 0.001 0.001 0.002 0.004 0.008 0.01 0.011 0.013 0.015 0.016 0.018 0.019 0.021 0.022 0.024 0.028 0.032 0.039 0.047 0.061 0.075 0.108 0.138
